BootCurrent: 0002
Timeout: 1 seconds
BootOrder: 0002,0001,0003,0000,0004,0005,0006
Boot0000* Windows Boot Manager	HD(1,GPT,dfbc0b2b-346a-4e1a-b20c-48a932638f60,0x800,0x100000)/\EFI\MICROSOFT\BOOT\BOOTMGFW.EFI57494e444f5753000100000088000000780000004200430044004f0042004a004500430054003d007b00390064006500610038003600320063002d0035006300640064002d0034006500370030002d0061006300630031002d006600330032006200330034003400640034003700390035007d0000006f000100000010000000040000007fff0400
      dp: 04 01 2a 00 01 00 00 00 00 08 00 00 00 00 00 00 00 00 10 00 00 00 00 00 2b 0b bc df 6a 34 1a 4e b2 0c 48 a9 32 63 8f 60 02 02 / 04 04 46 00 5c 00 45 00 46 00 49 00 5c 00 4d 00 49 00 43 00 52 00 4f 00 53 00 4f 00 46 00 54 00 5c 00 42 00 4f 00 4f 00 54 00 5c 00 42 00 4f 00 4f 00 54 00 4d 00 47 00 46 00 57 00 2e 00 45 00 46 00 49 00 00 00 / 7f ff 04 00
    data: 57 49 4e 44 4f 57 53 00 01 00 00 00 88 00 00 00 78 00 00 00 42 00 43 00 44 00 4f 00 42 00 4a 00 45 00 43 00 54 00 3d 00 7b 00 39 00 64 00 65 00 61 00 38 00 36 00 32 00 63 00 2d 00 35 00 63 00 64 00 64 00 2d 00 34 00 65 00 37 00 30 00 2d 00 61 00 63 00 63 00 31 00 2d 00 66 00 33 00 32 00 62 00 33 00 34 00 34 00 64 00 34 00 37 00 39 00 35 00 7d 00 00 00 6f 00 01 00 00 00 10 00 00 00 04 00 00 00 7f ff 04 00
Boot0001* Limine	HD(1,GPT,414bac54-20cf-4904-9909-c28cb0b7f916,0x800,0x400000)/\EFI\Limine\limine_x64.efi
      dp: 04 01 2a 00 01 00 00 00 00 08 00 00 00 00 00 00 00 00 40 00 00 00 00 00 54 ac 4b 41 cf 20 04 49 99 09 c2 8c b0 b7 f9 16 02 02 / 04 04 3a 00 5c 00 45 00 46 00 49 00 5c 00 4c 00 69 00 6d 00 69 00 6e 00 65 00 5c 00 6c 00 69 00 6d 00 69 00 6e 00 65 00 5f 00 78 00 36 00 34 00 2e 00 65 00 66 00 69 00 00 00 / 7f ff 04 00
Boot0002* Ubuntu	HD(1,GPT,dfbc0b2b-346a-4e1a-b20c-48a932638f60,0x800,0x100000)/\EFI\ubuntu\shimx64.efi
      dp: 04 01 2a 00 01 00 00 00 00 08 00 00 00 00 00 00 00 00 10 00 00 00 00 00 2b 0b bc df 6a 34 1a 4e b2 0c 48 a9 32 63 8f 60 02 02 / 04 04 34 00 5c 00 45 00 46 00 49 00 5c 00 75 00 62 00 75 00 6e 00 74 00 75 00 5c 00 73 00 68 00 69 00 6d 00 78 00 36 00 34 00 2e 00 65 00 66 00 69 00 00 00 / 7f ff 04 00
Boot0003* UEFI OS	HD(1,GPT,414bac54-20cf-4904-9909-c28cb0b7f916,0x800,0x400000)/\EFI\BOOT\BOOTX64.EFI0000424f
      dp: 04 01 2a 00 01 00 00 00 00 08 00 00 00 00 00 00 00 00 40 00 00 00 00 00 54 ac 4b 41 cf 20 04 49 99 09 c2 8c b0 b7 f9 16 02 02 / 04 04 30 00 5c 00 45 00 46 00 49 00 5c 00 42 00 4f 00 4f 00 54 00 5c 00 42 00 4f 00 4f 00 54 00 58 00 36 00 34 00 2e 00 45 00 46 00 49 00 00 00 / 7f ff 04 00
    data: 00 00 42 4f
Boot0004* UEFI:CD/DVD Drive	BBS(129,,0x0)
      dp: 05 01 09 00 81 00 00 00 00 / 7f ff 04 00
Boot0005* UEFI:Removable Device	BBS(130,,0x0)
      dp: 05 01 09 00 82 00 00 00 00 / 7f ff 04 00
Boot0006* UEFI:Network Device	BBS(131,,0x0)
      dp: 05 01 09 00 83 00 00 00 00 / 7f ff 04 00
